0
0
0
0
0
0
0
0
3
3
6
7
9
11
12
15
15
17
19
20
23
24
25
27
28
30
31
31
33
35
38
39
39
41
43
44
46
47
48
49
51
51
53
55
56
57
58
59
60
62
63
63
63
63
67
68
70
71
72
74
75
76
78
79
79
81
83
83
85
86
87
88
89
91
92
92
93
94
95
96
97
99
99
100
102
103
103
105
105
107
108
108
110
111
111
112
113
114
115
115
116
118
119
119
120
120
121
123
123
124
124
125
126
127
127
127
128
129
131
131
133
135
135
135
137
138
140
140
142
143
143
143
144
145
147
147
148
150
151
151
152
153
153
155
156
156
157
158
159
159
159
159
159
161
163
163
164
165
166
167
167
167
169
169
171
171
172
172
173
174
175
175
176
176
177
177
179
179
179
179
180
181
182
183
183
183
184
184
184
185
185
187
187
187
188
188
188
188
189
190
190
192
192
192
192
192
192
192
192
192
192
192
192
192
192
192
190
190
188
188
188
187
187
186
185
185
185
184
184
184
184
184
184
183
183
182
182
182
181
181
180
180
180
180
179
179
179
179
179
179
179
178
177
177
177
177
177
177
177
176
176
176
176
176
176
176
176
176
176
176
176
176
176
176
176
176
176
176
176
176
176
176
176
176
176
175
175
175
174
174
174
174
173
172
172
172
172
172
172
172
172
172
172
172
171
171
171
171
171
171
171
171
170
170
169
169
169
169
169
169
169
169
169
169
169
169
169
169
169
169
169
169
168
168
168
168
168
168
168
168
168
168
168
168
168
168
168
168
168
168
168
168
168
168
168
168
168
168
168
168
168
168
168
168
168
168
168
168
168
168
168
168
168
168
168
168
168
168
168
168
168
168
168
168
168
168
168
168
168
168
168
168
168
168
168
168
168
168
168
168
168
168
168
168
168
168
168
168
168
168
168
168
168
168
168
168
168
168
168
168
168
168
168
168
168
168
168
168
168
168
168
168
168
168
168
168
168
168
168
168
168
168
168
168
168
168
168
168
168
168
168
168
168
168
168
168
168
168
168
168
168
168
168
168
168
168
168
168
168
168
168
168
168
168
168
168
168
168
168
168
168
168
168
168
168
168
168
168
168
168
168
168
168
168
168
168
168
168
168
168
168
168
168
168
168
168
168
168
168
168
168
168
168
168
168
168
168
168
168
168
168
168
168
168
168
168
168
168
168
168
168
168
168
168
168
168
168
168
168
168
168
168
168
168
168
168
168
168
168
168
168
168
168
168
168
168
168
168
168
168
168
168
168
168
168
168
168
168
168
168
168
168
168
168
168
128